 after hadron evolution
     0.02500    191.76967
     0.07500    152.42233
     0.12500    130.23265
     0.17500     97.01090
     0.22500    113.52904
     0.27500     58.31165
     0.32500     73.49902
     0.37500     60.80900
     0.42500     48.91541
     0.47500     41.20245
     0.52500     20.59563
     0.57500     25.28164
     0.62500     19.69514
     0.67500     22.16200
     0.72500     10.66491
     0.77500     15.80772
     0.82500     10.61620
     0.87500      7.29376
     0.92500     11.99894
     0.97500      5.43724
     1.02500      5.93614
     1.07500      5.09387
     1.12500      3.07175
     1.17500      3.57586
     1.22500      1.74302
     1.27500      2.27162
     1.32500      0.54567
     1.37500      1.07470
     1.42500      1.04867
     1.47500      1.52603
     1.52500      0.49316
     1.57500      0.48461
     1.62500      0.94889
     1.67500      1.38228
     1.87500      0.42516
     2.07500      0.38933
     2.12500      0.37878
     2.17500      0.37630
