    -9.80000      0.00000
    -9.40000      0.00000
    -9.00000      0.00000
    -8.60000      0.00000
    -8.20000      0.00000
    -7.80000      0.00000
    -7.40000      0.00000
    -7.00000      0.25000
    -6.60000      0.50000
    -6.20000      1.25000
    -5.80000      2.25000
    -5.40000      5.50000
    -5.00000     16.50000
    -4.60000     26.25000
    -4.20000     56.00000
    -3.80000     67.75000
    -3.40000     80.75000
    -3.00000    100.75000
    -2.60000    126.00000
    -2.20000    152.00000
    -1.80000    165.25000
    -1.40000    179.50000
    -1.00000    174.00000
    -0.60000    182.75000
    -0.20000    198.50000
     0.20000    200.25000
     0.60000    193.50000
     1.00000    188.50000
     1.40000    171.50000
     1.80000    154.75000
     2.20000    135.75000
     2.60000    122.00000
     3.00000    109.75000
     3.40000     78.50000
     3.80000     66.00000
     4.20000     54.50000
     4.60000     30.25000
     5.00000     14.75000
     5.40000      9.00000
     5.80000      3.25000
     6.20000      1.25000
     6.60000      0.00000
     7.00000      0.00000
     7.40000      0.00000
     7.80000      0.00000
     8.20000      0.00000
     8.60000      0.00000
     9.00000      0.00000
     9.40000      0.00000
     9.80000      0.00000
 after hadron evolution
    -9.80000      0.00000
    -9.40000      0.00000
    -9.00000      0.00000
    -8.60000      0.00000
    -8.20000      0.00000
    -7.80000      0.00000
    -7.40000      0.00000
    -7.00000      0.25000
    -6.60000      0.50000
    -6.20000      3.25000
    -5.80000      4.75000
    -5.40000     12.00000
    -5.00000     28.25000
    -4.60000     49.50000
    -4.20000     89.50000
    -3.80000    102.00000
    -3.40000    136.25000
    -3.00000    174.50000
    -2.60000    200.00000
    -2.20000    248.00000
    -1.80000    271.25000
    -1.40000    282.25000
    -1.00000    317.25000
    -0.60000    345.25000
    -0.20000    358.75000
     0.20000    354.75000
     0.60000    328.50000
     1.00000    328.50000
     1.40000    289.25000
     1.80000    271.00000
     2.20000    227.75000
     2.60000    207.00000
     3.00000    178.75000
     3.40000    130.00000
     3.80000    103.50000
     4.20000     86.00000
     4.60000     44.75000
     5.00000     27.50000
     5.40000     14.25000
     5.80000      6.00000
     6.20000      2.75000
     6.60000      0.00000
     7.00000      0.00000
     7.40000      0.00000
     7.80000      0.00000
     8.20000      0.00000
     8.60000      0.00000
     9.00000      0.00000
     9.40000      0.00000
     9.80000      0.00000
