    -9.80000      0.00000
    -9.40000      0.00000
    -9.00000      0.00000
    -8.60000      0.00000
    -8.20000      0.00000
    -7.80000      0.00000
    -7.40000      0.00000
    -7.00000      0.00000
    -6.60000      0.00000
    -6.20000      0.00000
    -5.80000      0.25000
    -5.40000      0.00000
    -5.00000      2.00000
    -4.60000      2.00000
    -4.20000      4.00000
    -3.80000      7.25000
    -3.40000     10.00000
    -3.00000     13.75000
    -2.60000     19.75000
    -2.20000     21.00000
    -1.80000     29.25000
    -1.40000     32.25000
    -1.00000     25.00000
    -0.60000     29.25000
    -0.20000     35.00000
     0.20000     32.50000
     0.60000     33.75000
     1.00000     31.50000
     1.40000     24.75000
     1.80000     23.50000
     2.20000     16.75000
     2.60000     15.25000
     3.00000     15.50000
     3.40000      8.25000
     3.80000      7.25000
     4.20000      4.00000
     4.60000      1.75000
     5.00000      0.75000
     5.40000      1.00000
     5.80000      0.00000
     6.20000      0.00000
     6.60000      0.00000
     7.00000      0.00000
     7.40000      0.00000
     7.80000      0.00000
     8.20000      0.00000
     8.60000      0.00000
     9.00000      0.00000
     9.40000      0.00000
     9.80000      0.00000
 after hadron evolution
    -9.80000      0.00000
    -9.40000      0.00000
    -9.00000      0.00000
    -8.60000      0.00000
    -8.20000      0.00000
    -7.80000      0.00000
    -7.40000      0.00000
    -7.00000      0.00000
    -6.60000      0.00000
    -6.20000      0.00000
    -5.80000      0.25000
    -5.40000      0.00000
    -5.00000      1.75000
    -4.60000      3.75000
    -4.20000      6.00000
    -3.80000      8.75000
    -3.40000     13.00000
    -3.00000     20.25000
    -2.60000     23.00000
    -2.20000     28.50000
    -1.80000     32.50000
    -1.40000     37.75000
    -1.00000     39.25000
    -0.60000     43.00000
    -0.20000     49.25000
     0.20000     45.25000
     0.60000     43.25000
     1.00000     42.00000
     1.40000     42.25000
     1.80000     30.00000
     2.20000     24.00000
     2.60000     21.50000
     3.00000     20.25000
     3.40000     11.50000
     3.80000      9.50000
     4.20000      6.50000
     4.60000      2.25000
     5.00000      0.75000
     5.40000      0.50000
     5.80000      0.00000
     6.20000      0.00000
     6.60000      0.00000
     7.00000      0.00000
     7.40000      0.00000
     7.80000      0.00000
     8.20000      0.00000
     8.60000      0.00000
     9.00000      0.00000
     9.40000      0.00000
     9.80000      0.00000
