    -9.80000      0.00000
    -9.40000      0.00000
    -9.00000      0.00000
    -8.60000      0.00000
    -8.20000      0.00000
    -7.80000      0.00000
    -7.40000      0.00000
    -7.00000      0.00000
    -6.60000      0.25000
    -6.20000      0.25000
    -5.80000      1.25000
    -5.40000      2.75000
    -5.00000      9.00000
    -4.60000     10.50000
    -4.20000     18.50000
    -3.80000     23.25000
    -3.40000     30.75000
    -3.00000     44.50000
    -2.60000     52.75000
    -2.20000     59.75000
    -1.80000     70.25000
    -1.40000     71.00000
    -1.00000     89.50000
    -0.60000     80.75000
    -0.20000     84.25000
     0.20000     79.50000
     0.60000     87.50000
     1.00000     79.25000
     1.40000     75.75000
     1.80000     71.00000
     2.20000     65.00000
     2.60000     50.25000
     3.00000     47.75000
     3.40000     25.00000
     3.80000     27.50000
     4.20000     16.50000
     4.60000      8.50000
     5.00000      7.25000
     5.40000      4.75000
     5.80000      2.50000
     6.20000      0.75000
     6.60000      0.00000
     7.00000      0.00000
     7.40000      0.00000
     7.80000      0.00000
     8.20000      0.00000
     8.60000      0.00000
     9.00000      0.00000
     9.40000      0.00000
     9.80000      0.00000
 after hadron evolution
    -9.80000      0.00000
    -9.40000      0.00000
    -9.00000      0.00000
    -8.60000      0.00000
    -8.20000      0.00000
    -7.80000      0.00000
    -7.40000      0.00000
    -7.00000      0.00000
    -6.60000      0.50000
    -6.20000      0.75000
    -5.80000      4.50000
    -5.40000     16.25000
    -5.00000     31.00000
    -4.60000     48.50000
    -4.20000     77.50000
    -3.80000    114.75000
    -3.40000    140.50000
    -3.00000    183.00000
    -2.60000    206.00000
    -2.20000    231.25000
    -1.80000    250.00000
    -1.40000    282.25000
    -1.00000    303.00000
    -0.60000    327.25000
    -0.20000    327.25000
     0.20000    335.50000
     0.60000    333.00000
     1.00000    309.25000
     1.40000    288.25000
     1.80000    277.75000
     2.20000    233.00000
     2.60000    195.75000
     3.00000    167.75000
     3.40000    133.75000
     3.80000    110.25000
     4.20000     81.50000
     4.60000     47.00000
     5.00000     28.50000
     5.40000     15.75000
     5.80000      8.50000
     6.20000      1.25000
     6.60000      0.00000
     7.00000      0.00000
     7.40000      0.00000
     7.80000      0.00000
     8.20000      0.00000
     8.60000      0.00000
     9.00000      0.00000
     9.40000      0.00000
     9.80000      0.00000
