    -9.80000      0.00000
    -9.40000      0.00000
    -9.00000      0.00000
    -8.60000      0.00000
    -8.20000      0.00000
    -7.80000      0.00000
    -7.40000      0.00000
    -7.00000      0.25000
    -6.60000      0.50000
    -6.20000      2.00000
    -5.80000      4.50000
    -5.40000     14.00000
    -5.00000     39.75000
    -4.60000     68.75000
    -4.20000    107.25000
    -3.80000    146.00000
    -3.40000    177.50000
    -3.00000    222.75000
    -2.60000    251.50000
    -2.20000    315.25000
    -1.80000    346.25000
    -1.40000    363.75000
    -1.00000    360.75000
    -0.60000    382.00000
    -0.20000    396.50000
     0.20000    414.25000
     0.60000    393.50000
     1.00000    367.25000
     1.40000    360.50000
     1.80000    327.25000
     2.20000    292.25000
     2.60000    264.00000
     3.00000    224.50000
     3.40000    171.25000
     3.80000    144.25000
     4.20000    113.50000
     4.60000     68.75000
     5.00000     37.25000
     5.40000     17.50000
     5.80000      4.75000
     6.20000      2.50000
     6.60000      0.25000
     7.00000      0.00000
     7.40000      0.00000
     7.80000      0.00000
     8.20000      0.00000
     8.60000      0.00000
     9.00000      0.00000
     9.40000      0.00000
     9.80000      0.00000
 after hadron evolution
    -9.80000      0.00000
    -9.40000      0.00000
    -9.00000      0.00000
    -8.60000      0.00000
    -8.20000      0.00000
    -7.80000      0.00000
    -7.40000      0.00000
    -7.00000      0.25000
    -6.60000      0.50000
    -6.20000      4.50000
    -5.80000     10.00000
    -5.40000     25.25000
    -5.00000     66.75000
    -4.60000    116.25000
    -4.20000    180.75000
    -3.80000    229.25000
    -3.40000    291.25000
    -3.00000    366.25000
    -2.60000    427.50000
    -2.20000    509.25000
    -1.80000    562.00000
    -1.40000    592.50000
    -1.00000    650.00000
    -0.60000    682.25000
    -0.20000    722.00000
     0.20000    721.25000
     0.60000    689.75000
     1.00000    634.50000
     1.40000    616.25000
     1.80000    549.25000
     2.20000    475.50000
     2.60000    433.75000
     3.00000    359.75000
     3.40000    283.00000
     3.80000    227.00000
     4.20000    177.00000
     4.60000    103.00000
     5.00000     64.50000
     5.40000     29.75000
     5.80000      9.00000
     6.20000      4.25000
     6.60000      0.50000
     7.00000      0.00000
     7.40000      0.00000
     7.80000      0.00000
     8.20000      0.00000
     8.60000      0.00000
     9.00000      0.00000
     9.40000      0.00000
     9.80000      0.00000
