    -9.80000      0.00000
    -9.40000      0.00000
    -9.00000      0.00000
    -8.60000      0.00000
    -8.20000      0.00000
    -7.80000      0.00000
    -7.40000      0.00000
    -7.00000      0.00000
    -6.60000      0.00000
    -6.20000      0.75000
    -5.80000      1.75000
    -5.40000      3.75000
    -5.00000      9.25000
    -4.60000     15.75000
    -4.20000     16.00000
    -3.80000     28.50000
    -3.40000     35.50000
    -3.00000     45.00000
    -2.60000     50.25000
    -2.20000     65.50000
    -1.80000     79.00000
    -1.40000     74.75000
    -1.00000     76.50000
    -0.60000     70.00000
    -0.20000     66.75000
     0.20000     78.75000
     0.60000     79.00000
     1.00000     66.00000
     1.40000     84.00000
     1.80000     67.50000
     2.20000     62.00000
     2.60000     57.00000
     3.00000     46.75000
     3.40000     32.25000
     3.80000     31.50000
     4.20000     19.00000
     4.60000     13.75000
     5.00000      9.50000
     5.40000      4.50000
     5.80000      1.00000
     6.20000      1.25000
     6.60000      0.25000
     7.00000      0.00000
     7.40000      0.00000
     7.80000      0.00000
     8.20000      0.00000
     8.60000      0.00000
     9.00000      0.00000
     9.40000      0.00000
     9.80000      0.00000
 after hadron evolution
    -9.80000      0.00000
    -9.40000      0.00000
    -9.00000      0.00000
    -8.60000      0.00000
    -8.20000      0.00000
    -7.80000      0.00000
    -7.40000      0.00000
    -7.00000      0.00000
    -6.60000      0.00000
    -6.20000      1.25000
    -5.80000      4.75000
    -5.40000      9.50000
    -5.00000     26.50000
    -4.60000     44.00000
    -4.20000     62.50000
    -3.80000     89.25000
    -3.40000    115.50000
    -3.00000    139.75000
    -2.60000    177.00000
    -2.20000    197.25000
    -1.80000    225.50000
    -1.40000    233.75000
    -1.00000    252.75000
    -0.60000    257.25000
    -0.20000    274.00000
     0.20000    277.00000
     0.60000    277.25000
     1.00000    236.50000
     1.40000    251.00000
     1.80000    198.25000
     2.20000    184.75000
     2.60000    169.75000
     3.00000    134.75000
     3.40000    110.25000
     3.80000     86.50000
     4.20000     61.50000
     4.60000     40.25000
     5.00000     26.50000
     5.40000     12.25000
     5.80000      2.50000
     6.20000      1.50000
     6.60000      0.50000
     7.00000      0.00000
     7.40000      0.00000
     7.80000      0.00000
     8.20000      0.00000
     8.60000      0.00000
     9.00000      0.00000
     9.40000      0.00000
     9.80000      0.00000
