    -9.80000      0.00000
    -9.40000      0.00000
    -9.00000      0.00000
    -8.60000      0.00000
    -8.20000      0.00000
    -7.80000      0.00000
    -7.40000      0.00000
    -7.00000      0.25000
    -6.60000      0.50000
    -6.20000      1.25000
    -5.80000      1.75000
    -5.40000      4.00000
    -5.00000     10.25000
    -4.60000     12.75000
    -4.20000     25.00000
    -3.80000     25.25000
    -3.40000     34.25000
    -3.00000     47.75000
    -2.60000     49.75000
    -2.20000     73.50000
    -1.80000     74.50000
    -1.40000     79.25000
    -1.00000     75.00000
    -0.60000     82.25000
    -0.20000     68.00000
     0.20000     80.50000
     0.60000     76.75000
     1.00000     84.25000
     1.40000     76.00000
     1.80000     69.25000
     2.20000     63.75000
     2.60000     53.75000
     3.00000     48.50000
     3.40000     37.75000
     3.80000     24.00000
     4.20000     24.75000
     4.60000     12.00000
     5.00000      9.50000
     5.40000      5.25000
     5.80000      2.25000
     6.20000      1.25000
     6.60000      0.00000
     7.00000      0.00000
     7.40000      0.00000
     7.80000      0.00000
     8.20000      0.00000
     8.60000      0.00000
     9.00000      0.00000
     9.40000      0.00000
     9.80000      0.00000
 after hadron evolution
    -9.80000      0.00000
    -9.40000      0.00000
    -9.00000      0.00000
    -8.60000      0.00000
    -8.20000      0.00000
    -7.80000      0.00000
    -7.40000      0.00000
    -7.00000      0.25000
    -6.60000      0.50000
    -6.20000      3.25000
    -5.80000      4.50000
    -5.40000     11.75000
    -5.00000     26.25000
    -4.60000     43.25000
    -4.20000     77.25000
    -3.80000     88.00000
    -3.40000    116.75000
    -3.00000    148.00000
    -2.60000    163.50000
    -2.20000    206.25000
    -1.80000    218.50000
    -1.40000    224.25000
    -1.00000    258.00000
    -0.60000    277.75000
    -0.20000    279.00000
     0.20000    283.25000
     0.60000    262.75000
     1.00000    265.00000
     1.40000    226.75000
     1.80000    225.00000
     2.20000    188.50000
     2.60000    170.00000
     3.00000    147.25000
     3.40000    110.75000
     3.80000     88.25000
     4.20000     72.75000
     4.60000     39.00000
     5.00000     26.25000
     5.40000     13.50000
     5.80000      5.75000
     6.20000      2.75000
     6.60000      0.00000
     7.00000      0.00000
     7.40000      0.00000
     7.80000      0.00000
     8.20000      0.00000
     8.60000      0.00000
     9.00000      0.00000
     9.40000      0.00000
     9.80000      0.00000
